0.580516 102
0.580516 101
0.580389 101
0.580236 101
0.580236 100
0.580236 99
0.580236 98
0.580113 98
0.580113 97
0.57997 97
0.57997 96
0.57997 95
0.57997 94
0.579814 94
0.579814 93
0.579702 93
0.579552 93
0.579552 92
0.579442 92
0.579442 91
0.579442 90
0.579442 89
0.579295 89
0.579211 88
0.579211 87
0.579075 87
0.579075 86
0.579075 85
0.578936 85
0.578798 85
0.578636 85
0.578636 84
0.578489 84
0.578489 83
0.578489 82
0.578489 81
0.578342 81
0.578342 80
0.578065 80
0.577923 80
0.577791 79
0.577657 79
0.577657 78
0.577657 77
0.577511 77
0.57737 77
0.57737 76
0.577222 76
0.577095 76
0.577095 75
0.577095 74
0.577095 73
0.576981 73
0.576981 72
0.576981 71
0.576955 70
0.576799 70
0.576799 69
0.576799 68
0.576799 67
0.576674 67
0.576516 67
0.576388 67
0.576388 66
0.576242 66
0.576242 65
0.57611 65
0.57611 64
0.57611 63
0.575945 63
0.575805 63
0.575805 62
0.575805 61
0.575805 60
0.575683 60
0.575525 60
0.575447 59
0.575323 59
0.575167 59
0.575041 59
0.574917 59
0.574917 58
0.574917 57
0.574774 57
0.574638 57
0.574638 56
0.574638 55
0.574513 55
0.574375 55
0.574228 55
0.574228 54
0.574075 54
0.574075 53
0.573948 53
0.573818 53
0.573678 53
0.57362 51
0.57362 50
0.573469 50
0.573355 50
0.573209 50
0.573083 50
0.573083 49
0.573083 48
0.572943 48
0.572815 47
0.572664 47
0.572551 47
0.572402 47
0.572402 46
0.572248 46
0.572116 46
0.572116 45
0.572116 44
0.571982 44
0.571841 44
0.571713 43
0.571703 42
0.571553 42
0.571423 42
0.571269 42
0.571269 41
0.571125 41
0.571125 40
0.570994 40
0.570886 40
0.570779 40
0.570627 40
0.570627 39
0.570627 38
0.570596 37
0.570459 37
0.570348 37
0.570348 36
0.570348 35
0.570213 35
0.570111 35
0.569964 35
0.569852 35
0.569852 34
0.569704 34
0.56941 34
0.56941 33
0.56941 32
0.569177 32
0.569168 31
0.569032 31
0.568907 31
0.568814 30
0.568683 30
0.568669 29
0.568543 29
0.568401 29
0.568272 29
0.568126 29
0.567982 29
0.567982 28
0.567845 28
0.567726 28
0.567602 28
0.567447 28
0.567307 28
0.567197 28
0.567071 28
0.566948 28
0.566806 28
0.566806 27
0.566667 27
0.56654 27
0.566402 27
0.566258 27
0.566129 27
0.565985 27
0.565889 26
0.56576 26
0.565623 26
0.565486 26
0.565486 25
0.5652 25
0.56509 25
0.564942 25
0.564777 25
0.564649 25
0.56451 25
0.564369 25
0.564231 25
0.564066 25
0.563911 25
0.563743 25
0.563599 25
0.563468 25
0.563322 25
0.563173 25
0.563009 25
0.562885 25
0.562735 25
0.562576 25
0.562433 25
0.562374 24
0.562252 24
0.562135 24
0.561983 24
0.561833 24
0.561707 24
0.561625 23
0.561625 22
0.561472 22
0.561392 21
0.561261 21
0.561115 21
0.560971 21
0.560843 21
0.560686 21
0.560545 21
0.560545 20
0.560294 20
0.560008 20
0.559885 20
0.559748 20
0.559624 20
0.559478 20
0.559478 19
0.559348 19
0.559099 19
0.558933 19
0.558803 19
0.558679 19
0.558529 19
0.55852 18
0.55838 18
0.558241 18
0.558092 18
0.557958 18
0.557826 17
0.557688 17
0.55758 17
0.557289 17
0.557001 17
0.55684 17
0.556706 17
0.556328 16
0.556089 15
0.555935 14
0.555789 14
0.555639 14
0.555512 14
0.555144 14
0.555039 14
0.554907 14
0.554907 13
0.554771 13
0.554498 13
0.554357 13
0.554202 13
0.554057 13
0.553909 13
0.553806 13
0.553533 13
0.553412 13
0.553276 13
0.553174 13
0.553038 13
0.55289 13
0.552731 13
0.552611 12
0.552465 12
0.552339 12
0.552184 12
0.55204 12
0.55204 11
0.551895 11
0.551764 11
0.551615 11
0.551308 11
0.551186 11
0.551042 11
0.550887 11
0.550752 11
0.550494 11
0.550357 11
0.550213 11
0.55011 11
0.549962 11
0.549828 11
0.549686 11
0.549383 11
0.54911 11
0.54897 11
0.548673 11
0.548259 11
0.548114 11
0.547804 11
0.547804 9
0.547258 9
0.547136 9
0.546846 9
0.546701 9
0.546539 9
0.546427 9
0.546427 8
0.546294 8
0.546154 8
0.545999 8
0.545857 8
0.545719 8
0.545576 8
0.545439 8
0.545299 8
0.545164 8
0.545018 8
0.544874 8
0.544714 8
0.544272 8
0.543995 8
0.543697 8
0.543542 8
0.543412 8
0.543287 8
0.542865 8
0.542712 8
0.542417 8
0.542297 8
0.542165 8
0.541893 8
0.541744 8
0.541484 8
0.5412 8
0.540361 8
0.540076 8
0.539961 8
0.539708 8
0.539411 8
0.539268 8
0.539126 8
0.538453 8
0.538335 7
0.538078 7
0.537923 7
0.537675 7
0.537276 7
0.537161 7
0.536861 7
0.536736 7
0.536408 7
0.536243 7
0.53612 7
0.535987 7
0.535841 7
0.535705 7
0.535263 7
0.535138 7
0.534856 7
0.534564 7
0.534418 7
0.534126 7
0.534022 7
0.533745 7
0.533466 7
0.533178 7
0.53305 7
0.532921 7
0.532638 7
0.532339 7
0.531905 7
0.531623 7
0.531202 7
0.53059 7
0.530308 7
0.530166 7
0.529882 7
0.529741 7
0.529595 7
0.529163 7
0.529049 7
0.52847 7
0.52805 7
0.527636 7
0.527084 7
0.526781 7
0.526515 7
0.526075 7
0.525783 7
0.525201 7
0.52479 7
0.524487 7
0.524339 7
0.524035 7
0.523888 7
0.523606 7
0.523311 7
0.523025 7
0.522757 7
0.522447 7
0.52219 7
0.521903 7
0.521613 7
0.521356 7
0.521207 7
0.520379 7
0.52024 7
0.519669 7
0.519239 7
0.518683 6
0.518238 6
0.517643 6
0.516859 6
0.516268 6
0.515566 6
0.515277 6
0.515127 6
0.514969 6
0.514262 6
0.513811 6
0.513266 6
0.512692 6
0.512256 6
0.511547 6
0.510946 6
0.510091 6
0.509946 6
0.509388 6
0.509087 6
0.507695 6
0.507146 6
0.507005 6
0.506721 6
0.506568 6
0.505971 5
0.505394 5
0.505099 5
0.504362 5
0.503944 5
0.503298 5
0.502436 5
0.501754 5
0.501342 5
0.50093 5
0.500196 5
0.498913 5
0.498308 5
0.497308 5
0.496285 5
0.495444 5
0.494871 5
0.494005 5
0.492564 5
0.491834 5
0.490654 5
0.489802 5
0.489519 5
0.488786 4
0.487913 4
0.48683 3
0.485545 3
0.48415 3
0.483127 3
0.481991 3
0.48074 3
0.479734 3
0.479608 3
0.478604 3
0.477301 3
0.475875 3
0.473887 3
0.471553 3
0.470157 3
0.468867 3
0.467002 3
0.465254 3
0.464022 3
0.461699 3
0.460005 2
0.459026 2
0.458172 2
0.456282 2
0.453684 2
0.451964 2
0.449926 2
0.44733 2
0.444502 2
0.442479 2
0.441033 2
0.438584 2
0.436443 2
0.433667 2
0.431767 2
0.429599 2
0.427463 2
0.423721 2
0.421294 1
0.418943 1
0.414227 1
0.411497 0
0.408327 0
0.404464 0
0.400459 0
0.395788 0
0.392051 0
0.386704 0
0.381988 0
0.376054 0
0.371509 0
0.365304 0
0.360141 0
0.352317 0
0.344596 0
0.337145 0
0.328776 0
0.316119 0
0.30665 0
0.295204 0
0.283178 0
0.268697 0
0.252778 0
0.233502 0
0.207358 0
0.179359 0
0.143835 0
0.0972075 0
0.00014124 0
0 0
0 0
0 0
0 0
0 0
0 0
0 0
0 0
0 0
0 0
0 0
0 0
0 0
0 0
0 0
0 0
0 0
0 0
0 0
0 0
0 0
0 0
0 0
0 0
0 0
0 0
0 0
0 0
0 0
0 0
0 0
0 0
0 0
0 0
0 0
0 0
0 0
0 0
0 0
0 0
0 0
0 0
0 0
0 0
0 0
0 0
0 0
0 0
0 0
0 0
0 0
0 0
0 0
0 0
