0.783988 102 7003
0.783988 101 7016
0.783794 101 7026
0.783601 101 7039
0.783601 100 7041
0.783601 99 7047
0.783601 98 7080
0.783407 98 7089
0.783407 97 7118
0.783214 97 7122
0.783214 96 7175
0.783214 95 7194
0.783214 94 7250
0.783021 94 7261
0.783021 93 7277
0.782827 93 7301
0.782634 93 7315
0.782634 92 7351
0.782441 92 7369
0.782441 91 7379
0.782441 90 7382
0.782441 89 7431
0.782247 89 7436
0.782247 88 7446
0.782247 87 7466
0.782054 87 7495
0.782054 86 7510
0.782054 85 7532
0.78186 85 7540
0.781667 85 7541
0.781474 85 7546
0.781474 84 7613
0.78128 84 7621
0.78128 83 7645
0.78128 82 7710
0.78128 81 7724
0.781087 81 7750
0.781087 80 7755
0.7807 80 7756
0.780507 80 7757
0.780313 79 7758
0.78012 79 7773
0.78012 78 7801
0.78012 77 7803
0.779927 77 7810
0.779733 77 7844
0.779733 76 7896
0.77954 76 7899
0.779346 76 7913
0.779346 75 7938
0.779346 74 7967
0.779346 73 7985
0.779153 73 8028
0.779153 72 8036
0.779153 71 8037
0.779153 70 8050
0.77896 70 8052
0.77896 69 8060
0.77896 68 8073
0.77896 67 8075
0.778766 67 8119
0.778573 67 8164
0.778379 67 8203
0.778379 66 8208
0.778186 66 8224
0.778186 65 8232
0.777993 65 8233
0.777993 64 8234
0.777993 63 8240
0.777799 63 8245
0.777606 63 8261
0.777606 62 8263
0.777606 61 8278
0.777606 60 8279
0.777412 60 8282
0.777219 60 8296
0.777219 59 8298
0.777026 59 8300
0.776832 59 8301
0.776639 59 8313
0.776446 59 8316
0.776446 58 8328
0.776446 57 8353
0.776252 57 8360
0.776059 57 8371
0.776059 56 8385
0.776059 55 8397
0.775865 55 8400
0.775672 55 8407
0.775479 55 8410
0.775479 54 8431
0.775285 54 8470
0.775285 53 8509
0.775092 53 8511
0.774898 53 8528
0.774705 53 8529
0.774705 51 8531
0.774705 50 8545
0.774512 50 8555
0.774318 50 8567
0.774125 50 8568
0.773932 50 8602
0.773932 49 8626
0.773932 48 8628
0.773738 48 8634
0.773545 47 8655
0.773351 47 8661
0.773158 47 8662
0.772965 47 8668
0.772965 46 8674
0.772771 46 8683
0.772578 46 8694
0.772578 45 8701
0.772578 44 8704
0.772384 44 8712
0.772191 44 8727
0.771998 43 8751
0.771998 42 8757
0.771804 42 8760
0.771611 42 8761
0.771418 42 8765
0.771418 41 8766
0.771224 41 8773
0.771224 40 8774
0.771031 40 8780
0.770837 40 8791
0.770644 40 8819
0.770451 40 8835
0.770451 39 8847
0.770451 38 8862
0.770451 37 8864
0.770257 37 8871
0.770064 37 8876
0.770064 36 8886
0.770064 35 8889
0.76987 35 8892
0.769677 35 8905
0.769484 35 8908
0.76929 35 8913
0.76929 34 8920
0.769097 34 8929
0.76871 34 8930
0.76871 33 8940
0.76871 32 8953
0.768323 32 8954
0.768323 31 8958
0.76813 31 8961
0.767937 31 8963
0.767937 30 9001
0.767743 30 9008
0.767743 29 9010
0.76755 29 9027
0.767356 29 9029
0.767163 29 9034
0.76697 29 9035
0.766776 29 9045
0.766776 28 9050
0.766583 28 9055
0.766389 28 9058
0.766196 28 9089
0.766003 28 9097
0.765809 28 9100
0.765616 28 9103
0.765423 28 9106
0.765229 28 9109
0.765036 28 9114
0.765036 27 9134
0.764842 27 9136
0.764649 27 9143
0.764456 27 9147
0.764262 27 9150
0.764069 27 9152
0.763875 27 9170
0.763875 26 9177
0.763682 26 9200
0.763489 26 9201
0.763295 26 9209
0.763295 25 9211
0.762909 25 9218
0.762715 25 9232
0.762522 25 9244
0.762328 25 9279
0.762135 25 9303
0.761942 25 9327
0.761748 25 9330
0.761555 25 9343
0.761361 25 9344
0.761168 25 9359
0.760975 25 9361
0.760781 25 9368
0.760588 25 9369
0.760395 25 9398
0.760201 25 9406
0.760008 25 9408
0.759814 25 9414
0.759621 25 9415
0.759428 25 9423
0.759234 25 9433
0.759234 24 9440
0.759041 24 9454
0.758847 24 9457
0.758654 24 9459
0.758461 24 9460
0.758267 24 9466
0.758267 23 9470
0.758267 22 9473
0.758074 22 9477
0.758074 21 9478
0.75788 21 9480
0.757687 21 9496
0.757494 21 9497
0.7573 21 9498
0.757107 21 9499
0.756914 21 9506
0.756914 20 9509
0.756527 20 9510
0.75614 20 9512
0.755947 20 9513
0.755753 20 9517
0.75556 20 9518
0.755366 20 9520
0.755366 19 9522
0.755173 19 9530
0.754786 19 9537
0.754593 19 9548
0.7544 19 9554
0.754206 19 9559
0.754013 19 9560
0.754013 18 9561
0.753819 18 9563
0.753626 18 9568
0.753433 18 9569
0.753239 18 9574
0.753046 17 9577
0.752852 17 9580
0.752659 17 9582
0.752272 17 9583
0.751886 17 9588
0.751692 17 9591
0.751499 17 9594
0.751112 16 9596
0.750919 15 9598
0.750725 14 9605
0.750532 14 9612
0.750338 14 9615
0.750145 14 9618
0.749565 14 9622
0.749371 14 9626
0.749178 14 9630
0.749178 13 9633
0.748985 13 9634
0.748598 13 9636
0.748405 13 9637
0.748211 13 9639
0.748018 13 9640
0.747824 13 9641
0.747631 13 9642
0.747244 13 9646
0.747051 13 9647
0.746857 13 9650
0.746664 13 9651
0.746471 13 9652
0.746277 13 9656
0.746084 13 9658
0.745891 12 9661
0.745697 12 9663
0.745504 12 9665
0.74531 12 9670
0.745117 12 9676
0.745117 11 9677
0.744924 11 9678
0.74473 11 9679
0.744537 11 9681
0.74415 11 9682
0.743957 11 9683
0.743763 11 9684
0.74357 11 9691
0.743377 11 9694
0.74299 11 9697
0.742796 11 9700
0.742603 11 9701
0.74241 11 9702
0.742216 11 9705
0.742023 11 9712
0.741829 11 9714
0.741443 11 9716
0.741056 11 9718
0.740863 11 9721
0.740476 11 9722
0.739896 11 9725
0.739702 11 9727
0.739315 11 9728
0.739315 9 9729
0.738542 9 9730
0.738348 9 9732
0.737962 9 9735
0.737768 9 9736
0.737575 9 9740
0.737382 9 9741
0.737382 8 9742
0.737188 8 9743
0.736995 8 9748
0.736801 8 9751
0.736608 8 9755
0.736415 8 9756
0.736221 8 9757
0.736028 8 9761
0.735834 8 9764
0.735641 8 9765
0.735448 8 9767
0.735254 8 9768
0.735061 8 9771
0.734481 8 9772
0.734094 8 9773
0.733707 8 9775
0.733514 8 9777
0.73332 8 9779
0.733127 8 9780
0.732547 8 9781
0.732354 8 9782
0.731967 8 9783
0.731773 8 9786
0.73158 8 9787
0.731193 8 9788
0.731 8 9789
0.730613 8 9790
0.730226 8 9791
0.729066 8 9793
0.728679 8 9795
0.728486 8 9797
0.728099 8 9798
0.727712 8 9799
0.727519 8 9800
0.727325 8 9802
0.726359 8 9803
0.726165 7 9805
0.725778 7 9806
0.725585 7 9808
0.725198 7 9809
0.724618 7 9810
0.724425 7 9812
0.724038 7 9814
0.723845 7 9815
0.723458 7 9817
0.723264 7 9818
0.723071 7 9820
0.722878 7 9821
0.722684 7 9822
0.722491 7 9823
0.721911 7 9824
0.721717 7 9826
0.72133 7 9827
0.720944 7 9828
0.72075 7 9829
0.720364 7 9830
0.72017 7 9831
0.719783 7 9832
0.719397 7 9834
0.71901 7 9835
0.718816 7 9836
0.718623 7 9838
0.718236 7 9839
0.71785 7 9840
0.717269 7 9841
0.716883 7 9842
0.716302 7 9844
0.715529 7 9845
0.715142 7 9847
0.714949 7 9848
0.714562 7 9849
0.714369 7 9850
0.714175 7 9851
0.713595 7 9852
0.713402 7 9853
0.712628 7 9854
0.712048 7 9855
0.711468 7 9856
0.710694 7 9857
0.710307 7 9858
0.709921 7 9859
0.709341 7 9860
0.708954 7 9861
0.70818 7 9862
0.7076 7 9863
0.707213 7 9864
0.70702 7 9865
0.706633 7 9866
0.70644 7 9867
0.706053 7 9868
0.705666 7 9869
0.705279 7 9870
0.704893 7 9871
0.704506 7 9872
0.704119 7 9873
0.703732 7 9874
0.703346 7 9875
0.702959 7 9876
0.702765 7 9877
0.701605 7 9878
0.701412 7 9879
0.700638 7 9880
0.700058 7 9881
0.699284 6 9882
0.698704 6 9883
0.697931 6 9884
0.69677 6 9885
0.695997 6 9886
0.69503 6 9887
0.694643 6 9888
0.69445 6 9889
0.694256 6 9890
0.693289 6 9891
0.692709 6 9893
0.691936 6 9894
0.691162 6 9895
0.690582 6 9896
0.689615 6 9897
0.688842 6 9898
0.687681 6 9899
0.687488 6 9900
0.686714 6 9901
0.686328 6 9902
0.684394 6 9903
0.68362 6 9904
0.683427 6 9905
0.68304 6 9906
0.682847 6 9907
0.682073 5 9908
0.6813 5 9909
0.680913 5 9910
0.679946 5 9911
0.679366 5 9912
0.678399 5 9913
0.677238 5 9914
0.676272 5 9915
0.675691 5 9916
0.675111 5 9917
0.674144 5 9918
0.672404 5 9919
0.67163 5 9920
0.670277 5 9921
0.668923 5 9922
0.667763 5 9923
0.666989 5 9924
0.665829 5 9925
0.663895 5 9926
0.662928 5 9927
0.661381 5 9928
0.66022 5 9929
0.659834 5 9930
0.658867 4 9931
0.657706 4 9932
0.656353 3 9933
0.654612 3 9934
0.652678 3 9935
0.651325 3 9936
0.649778 3 9937
0.648037 3 9938
0.646683 3 9939
0.64649 3 9940
0.645136 3 9941
0.643396 3 9942
0.641462 3 9943
0.638755 3 9944
0.63566 3 9945
0.633727 3 9946
0.631986 3 9947
0.629472 3 9948
0.627151 3 9949
0.625411 3 9950
0.622317 3 9951
0.62019 2 9952
0.618836 2 9953
0.617675 2 9954
0.615161 2 9955
0.611681 2 9956
0.60936 2 9957
0.606652 2 9958
0.603172 2 9959
0.599304 2 9960
0.596596 2 9961
0.594663 2 9962
0.591375 2 9963
0.588474 2 9964
0.5848 2 9965
0.582286 2 9966
0.579385 2 9967
0.576484 2 9968
0.571456 2 9969
0.568169 1 9970
0.564881 1 9971
0.558499 1 9972
0.554825 0 9973
0.55057 0 9974
0.545349 0 9975
0.539934 0 9976
0.533746 0 9977
0.528718 0 9978
0.521563 0 9979
0.515181 0 9980
0.507059 0 9981
0.501064 0 9982
0.492748 0 9983
0.485786 0 9984
0.47515 0 9985
0.464707 0 9986
0.454651 0 9987
0.443435 0 9988
0.426417 0 9989
0.413653 0 9990
0.398182 0 9991
0.381938 0 9992
0.362212 0 9993
0.340746 0 9994
0.314639 0 9995
0.279636 0 9996
0.241926 0 9997
0.19416 0 9998
0.131309 0 9999
0.000193386 0 10000
0 0 1e+20
0 0 1e+20
0 0 1e+20
0 0 1e+20
0 0 1e+20
0 0 1e+20
0 0 1e+20
0 0 1e+20
0 0 1e+20
0 0 1e+20
0 0 1e+20
0 0 1e+20
0 0 1e+20
0 0 1e+20
0 0 1e+20
0 0 1e+20
0 0 1e+20
0 0 1e+20
0 0 1e+20
0 0 1e+20
0 0 1e+20
0 0 1e+20
0 0 1e+20
0 0 1e+20
0 0 1e+20
0 0 1e+20
0 0 1e+20
0 0 1e+20
0 0 1e+20
0 0 1e+20
0 0 1e+20
0 0 1e+20
0 0 1e+20
0 0 1e+20
0 0 1e+20
0 0 1e+20
0 0 1e+20
0 0 1e+20
0 0 1e+20
0 0 1e+20
0 0 1e+20
0 0 1e+20
0 0 1e+20
0 0 1e+20
0 0 1e+20
0 0 1e+20
0 0 1e+20
0 0 1e+20
0 0 1e+20
0 0 1e+20
0 0 1e+20
0 0 1e+20
0 0 1e+20
0 0 1.79769e+308
